43 0.097308 0.092806 0.173077 0.155396
29 0.308462 0.091007 0.158462 0.169065
50 0.499231 0.092086 0.176923 0.168345
6 0.699615 0.093885 0.174615 0.164748
32 0.905769 0.093885 0.151538 0.154676
28 0.099615 0.279137 0.170000 0.158273
14 0.303462 0.280935 0.170000 0.153237
41 0.500000 0.280576 0.172308 0.162590
49 0.699231 0.280216 0.167692 0.160432
33 0.898846 0.278417 0.165385 0.161151
37 0.099231 0.464748 0.166154 0.156835
51 0.313077 0.466906 0.120000 0.159712
44 0.497692 0.470144 0.172308 0.158993
1 0.700000 0.469065 0.158462 0.151079
9 0.899615 0.467986 0.145385 0.138849
13 0.098462 0.655396 0.150769 0.139568
45 0.301538 0.656115 0.107692 0.099281
30 0.494231 0.656475 0.125385 0.134532
10 0.698846 0.653957 0.156154 0.149640
47 0.899615 0.655755 0.150000 0.140288
35 0.098846 0.843525 0.179231 0.158993
4 0.297308 0.841007 0.137692 0.120863
5 0.508077 0.842446 0.123846 0.129496
40 0.699615 0.843885 0.114615 0.105036
12 0.904231 0.842446 0.160769 0.159712