45 0.459375 0.615111 0.247250 0.439111
40 0.283250 0.618000 0.059500 0.115111
5 0.206875 0.618000 0.043250 0.083111
44 0.138000 0.618000 0.042000 0.076889
7 0.085375 0.617333 0.019750 0.036444
30 0.035000 0.619111 0.015500 0.028444
31 0.042375 0.869111 0.018750 0.035111
0 0.091875 0.869778 0.039750 0.080000
48 0.151375 0.869333 0.042250 0.084444
46 0.228500 0.869778 0.056500 0.115556
34 0.305750 0.870667 0.047500 0.104889
9 0.476625 0.215333 0.119750 0.228889
13 0.316625 0.214050 0.135750 0.268889
32 0.154000 0.389778 0.134000 0.256000
10 0.662000 0.215111 0.200000 0.389333
1 0.883750 0.214444 0.193500 0.354222
37 0.799375 0.591111 0.096750 0.171556
3 0.892375 0.603778 0.047750 0.087556
26 0.638625 0.618000 0.057250 0.111556
47 0.700750 0.848667 0.102500 0.198667
38 0.781500 0.847556 0.015000 0.032000
51 0.872125 0.784444 0.018750 0.042667
2 0.919375 0.783556 0.034250 0.071111