29 0.089583 0.233041 0.112500 0.106943
50 0.233333 0.233041 0.111667 0.108540
6 0.085000 0.387869 0.110000 0.106943
28 0.232083 0.387470 0.112500 0.109338
14 0.428333 0.232642 0.111667 0.107741
41 0.592083 0.235036 0.144167 0.085395
49 0.849583 0.233440 0.114167 0.109338
33 0.854583 0.387869 0.110833 0.105347
37 0.080000 0.622107 0.111667 0.107741
11 0.278333 0.625299 0.111667 0.099761
27 0.460000 0.623703 0.113333 0.109338
8 0.079583 0.797287 0.112500 0.108540
2 0.211250 0.796887 0.112500 0.109338
39 0.342083 0.797287 0.112500 0.110136
42 0.476250 0.797287 0.112500 0.108540
21 0.634167 0.667598 0.113333 0.109338
22 0.780000 0.667598 0.113333 0.109338
23 0.929583 0.667598 0.112500 0.107741
36 0.783750 0.890662 0.112500 0.108540